1 1 0295 0000 000
2 1 0295 0000 365
1 2 -100 -500 000
2 2 0100 -500 000
1 2 0200 -450 000
2 2 -200 -450 000
1 2 -270 -400 000
2 2 0270 -400 000
1 2 0340 -350 000
2 2 -340 -350 000
1 2 -400 -300 000
2 2 0400 -300 000
1 2 0450 -250 000
2 2 -450 -250 000
1 2 -470 -200 000
2 2 0470 -200 000
1 2 0490 -150 000
2 2 -490 -150 000
1 2 -510 -100 000
2 2 0510 -100 000
1 2 0530 -050 000
2 2 -530 -050 000
1 2 -550 0000 000
2 2 0550 0000 000
1 2 0530 0050 000
2 2 -530 0050 000
1 2 -510 0100 000
2 2 0510 0100 000
1 2 0490 0150 000
2 2 -490 0150 000
1 2 -470 0200 000
2 2 0470 0200 000
1 2 0450 0250 000
2 2 -450 0250 000
1 2 -400 0300 000
2 2 0400 0300 000
1 2 0340 0350 000
2 2 -340 0350 000
1 2 -270 0400 000
2 2 0270 0400 000
1 2 0200 0450 000
2 2 -200 0450 000
1 2 -100 0500 000
2 2 0100 0500 000
1 2 0545 0000 000
2 2 0545 0000 365
1 2 0495 0000 000
2 2 0495 0000 365
1 2 0445 0000 000
2 2 0445 0000 365