1 3 0570 -080 000
2 3 -570 -080 000
2 3 -570 0080 000
2 3 0550 0080 000
2 3 0550 -100 000
2 3 -550 -100 000
2 3 -550 0100 000
2 3 0530 0100 000
2 3 0530 -120 000
2 3 -530 -120 000
2 3 -530 0120 000
2 3 0510 0120 000
2 3 0510 -140 000
2 3 -510 -140 000
2 3 -510 0140 000
2 3 0490 0140 000
2 3 0490 -160 000
2 3 -490 -160 000
2 3 -490 0160 000
2 3 0470 0160 000
2 3 0470 -180 000
2 3 -470 -180 000
2 3 -470 0180 000
2 3 0450 0180 000
2 3 0450 -200 000
2 3 -450 -200 000
2 3 -450 0200 000
2 3 0430 0200 000
2 3 0430 -220 000
2 3 -430 -220 000
2 3 -430 0220 000
2 3 0410 0220 000
2 3 0410 -240 000
2 3 -410 -240 000
2 3 -410 0240 000
2 3 0390 0240 000
2 3 0390 -260 000
2 3 -390 -260 000
2 3 -390 0260 000
2 3 0370 0260 000
2 3 0370 -280 000
2 3 -370 -280 000
2 3 -370 0280 000
2 3 0350 0280 000
2 3 0350 -300 000
2 3 -350 -300 000
2 3 -350 0300 000
2 3 0330 0300 000
2 3 0330 -320 000
2 3 -330 -320 000
2 3 -330 0320 000
2 3 0310 0320 000
2 3 0310 -340 000
2 3 -310 -340 000
2 3 -310 0340 000
2 3 0290 0340 000
2 3 0290 -360 000
2 3 -290 -360 000
2 3 -290 0360 000
2 3 0270 0360 000
2 3 0270 -380 000
2 3 -270 -380 000
2 3 -270 0380 000
2 3 0250 0380 000
2 3 0250 -400 000
2 3 -250 -400 000
2 3 -250 0400 000
2 3 0230 0400 000
2 3 0230 -420 000
2 3 -230 -420 000
2 3 -230 0420 000
2 3 0210 0420 000
2 3 0210 -440 000
2 3 -210 -440 000
2 3 -210 0440 000
2 3 0190 0440 000
2 3 0190 -460 000
2 3 -190 -460 000
2 3 -190 0460 000
2 3 0170 0460 000
2 3 0170 -480 000
2 3 -170 -480 000
2 3 -170 0480 000
2 3 0150 0480 000
2 3 0150 -500 000
2 3 -150 -500 000
2 3 -150 0500 000
2 3 0130 0500 000
2 3 0130 -500 000
